K 1 0 4 7
k 0 0 4 0
P 1 0 0 6
p 0 0 0 1
P 1 0 1 6
p 0 0 1 1
P 1 0 2 6
p 0 0 2 1
P 1 0 3 6
p 0 0 3 1
P 1 1 4 4
p 0 0 4 1
Q 1 0 3 7
p 0 0 5 1
P 1 0 5 6
p 0 0 6 1
P 1 0 6 6
p 0 0 7 1
R 1 0 0 7
r 0 0 0 0
R 1 0 7 7
r 0 0 7 0
N 1 0 1 7
n 0 1 2 2
N 1 0 6 7
n 0 0 6 0
B 1 0 2 7
b 0 0 2 0
B 1 0 5 7
b 0 0 5 0
P 1 0 7 6
q 0 0 3 0
* K 1 0 4 7
k 0 0 4 0
P 1 0 0 6
p 0 0 0 1
P 1 0 1 6
p 0 0 1 1
P 1 0 2 6
p 0 0 2 1
P 1 0 3 6
p 0 0 3 1
P 1 0 4 6
p 0 0 4 1
Q 1 0 3 7
p 0 0 5 1
P 1 0 5 6
p 0 0 6 1
P 1 0 6 6
p 0 0 7 1
R 1 0 0 7
r 0 0 0 0
R 1 0 7 7
r 0 0 7 0
N 1 0 1 7
n 0 0 1 0
N 1 0 6 7
n 0 0 6 0
B 1 0 2 7
b 0 0 2 0
B 1 0 5 7
b 0 0 5 0
P 1 0 7 6
q 0 0 3 0
* K 1 0 4 7
k 0 0 4 0
P 1 0 0 6
p 0 0 0 1
P 1 0 1 6
p 0 0 1 1
P 1 0 2 6
p 0 0 2 1
P 1 0 3 6
p 0 0 3 1
P 1 1 4 4
p 0 0 4 1
Q 1 0 3 7
p 0 0 5 1
P 1 0 5 6
p 0 0 6 1
P 1 0 6 6
p 0 0 7 1
R 1 0 0 7
r 0 0 0 0
R 1 0 7 7
r 0 0 7 0
N 1 0 1 7
n 0 0 1 0
N 1 0 6 7
n 0 0 6 0
B 1 0 2 7
b 0 0 2 0
B 1 0 5 7
b 0 0 5 0
P 1 0 7 6
q 0 0 3 0
* K 1 0 4 7
k 0 0 4 0
P 1 0 0 6
p 0 0 0 1
P 1 0 1 6
p 0 0 1 1
P 1 0 2 6
p 0 0 2 1
P 1 0 3 6
p 0 0 3 1
P 1 1 4 4
p 0 0 4 1
Q 1 0 3 7
p 0 0 5 1
P 1 0 5 6
p 0 0 6 1
P 1 0 6 6
p 0 0 7 1
R 1 0 0 7
r 0 0 0 0
R 1 0 7 7
r 0 0 7 0
N 1 0 1 7
n 0 1 2 2
N 1 0 6 7
n 0 0 6 0
B 1 0 2 7
b 0 0 2 0
B 1 0 5 7
b 0 0 5 0
P 1 0 7 6
q 0 0 3 0
*****
2 0 0 2
0 1 594 0 0
0 0 600 0 0
0 1 600 0 0 2
0 1 600 0 0 2
0 1 600 0 0 2
0 0 600 0 0 2
0 0 600 0 0 2
0 0 599 0 0 2
0 1
* 4 6 4 4
* 1 0 2 2
*****
1
